1 1 7.43335
1 2 8.05341
1 3 8.36646
1 4 8.58224
1 5 8.74209
1 6 8.86447
1 7 8.96005
1 8 9.03583
1 9 9.09662
1 10 9.14582
1 11 9.18589
1 12 9.21861
1 13 9.2453
1 14 9.26695
1 15 9.28429
1 16 9.29788
1 17 9.30814
1 18 9.31535
1 19 9.31972
1 20 9.32138
1 21 9.32037
1 22 9.31666
1 23 9.31018
1 24 9.30075
1 25 9.28813
1 26 9.27196
1 27 9.25178
1 28 9.22696
1 29 9.19671
1 30 9.15997
1 31 9.11538
1 32 9.06121
1 33 8.99521
1 34 8.91466
1 35 8.81647
1 36 8.69798
1 37 8.55938
1 38 8.41504
1 39 8.28223
2 1 5.74698
2 2 6.46645
2 3 7.01404
2 4 7.41557
2 5 7.71973
2 6 7.95468
2 7 8.13924
2 8 8.2862
2 9 8.40452
2 10 8.50058
2 11 8.57899
2 12 8.64315
2 13 8.69557
2 14 8.73814
2 15 8.77229
2 16 8.79907
2 17 8.81929
2 18 8.83352
2 19 8.84214
2 20 8.84541
2 21 8.8434
2 22 8.83608
2 23 8.82328
2 24 8.80467
2 25 8.77977
2 26 8.74789
2 27 8.70812
2 28 8.65928
2 29 8.5998
2 30 8.52765
2 31 8.4402
2 32 8.33405
2 33 8.2048
2 34 8.04695
2 35 7.85383
2 36 7.61831
2 37 7.33585
2 38 7.00787
2 39 6.73496
3 1 4.2308
3 2 5.09182
3 3 5.7947
3 4 6.3417
3 5 6.76363
3 6 7.09346
3 7 7.35481
3 8 7.5644
3 9 7.73413
3 10 7.87259
3 11 7.98607
3 12 8.07922
3 13 8.15554
3 14 8.21765
3 15 8.26756
3 16 8.30676
3 17 8.33638
3 18 8.35724
3 19 8.36988
3 20 8.37466
3 21 8.3717
3 22 8.36095
3 23 8.34214
3 24 8.31483
3 25 8.2783
3 26 8.23161
3 27 8.17344
3 28 8.1021
3 29 8.01537
3 30 7.91039
3 31 7.78341
3 32 7.62958
3 33 7.44259
3 34 7.21421
3 35 6.93385
3 36 6.58821
3 37 6.16093
3 38 5.6391
3 39 4.93546
4 1 2.84255
4 2 3.89863
4 3 4.74045
4 4 5.38893
4 5 5.89651
4 6 6.29848
4 7 6.62061
4 8 6.88141
4 9 7.09428
4 10 7.26907
4 11 7.4131
4 12 7.53186
4 13 7.6295
4 14 7.70921
4 15 7.77341
4 16 7.82393
4 17 7.86216
4 18 7.88909
4 19 7.90543
4 20 7.91159
4 21 7.90774
4 22 7.89379
4 23 7.86944
4 24 7.8341
4 25 7.78691
4 26 7.72666
4 27 7.65176
4 28 7.56008
4 29 7.44892
4 30 7.31475
4 31 7.15298
4 32 6.95766
4 33 6.72096
4 34 6.43248
4 35 6.07819
4 36 5.63866
4 37 5.08604
4 38 4.3734
4 39 3.47832
5 1 1.65408
5 2 2.96508
5 3 3.86952
5 4 4.57323
5 5 5.13168
5 6 5.58101
5 7 5.94613
5 8 6.2452
5 9 6.4917
5 10 6.69574
5 11 6.86498
5 12 7.00528
5 13 7.12117
5 14 7.21611
5 15 7.29279
5 16 7.35328
5 17 7.39912
5 18 7.43146
5 19 7.45108
5 20 7.45846
5 21 7.45379
5 22 7.43697
5 23 7.40764
5 24 7.36513
5 25 7.30845
5 26 7.23623
5 27 7.14664
5 28 7.0373
5 29 6.90516
5 30 6.74626
5 31 6.55551
5 32 6.32631
5 33 6.04997
5 34 5.7149
5 35 5.30518
5 36 4.79809
5 37 4.15876
5 38 3.33116
5 39 2.19744
6 1 1.22243
6 2 2.30391
6 3 3.18911
6 4 3.89682
6 5 4.47284
6 6 4.94562
6 7 5.3362
6 8 5.6605
6 9 5.93081
6 10 6.15662
6 11 6.34535
6 12 6.5028
6 13 6.63352
6 14 6.74106
6 15 6.82822
6 16 6.89714
6 17 6.94948
6 18 6.98645
6 19 7.00889
6 20 7.01731
6 21 7.0119
6 22 6.99256
6 23 6.95891
6 24 6.91021
6 25 6.84539
6 26 6.76299
6 27 6.66104
6 28 6.53705
6 29 6.38778
6 30 6.20913
6 31 5.99584
6 32 5.74118
6 33 5.43638
6 34 5.0699
6 35 4.6261
6 36 4.08309
6 37 3.40867
6 38 2.551
6 39 1.39566
7 1 0.975407
7 2 1.881
7 3 2.67467
7 4 3.34861
7 5 3.91491
7 6 4.39085
7 7 4.79136
7 8 5.12892
7 9 5.41373
7 10 5.65406
7 11 5.85661
7 12 6.02675
7 13 6.1688
7 14 6.2862
7 15 6.3817
7 16 6.45745
7 17 6.5151
7 18 6.55587
7 19 6.58063
7 20 6.58988
7 21 6.58383
7 22 6.56238
7 23 6.52511
7 24 6.47128
7 25 6.39977
7 26 6.3091
7 27 6.19728
7 28 6.06179
7 29 5.89942
7 30 5.70615
7 31 5.47691
7 32 5.2053
7 33 4.88322
7 34 4.50031
7 35 4.04315
7 36 3.49423
7 37 2.83058
7 38 2.02249
7 39 1.06321
8 1 0.812053
8 2 1.58385
8 3 2.2866
8 4 2.90744
8 5 3.4465
8 6 3.91063
8 7 4.30872
8 8 4.64945
8 9 4.9406
8 10 5.18887
8 11 5.39993
8 12 5.5785
8 13 5.72849
8 14 5.85306
8 15 5.95479
8 16 6.03573
8 17 6.09747
8 18 6.14121
8 19 6.16777
8 20 6.17766
8 21 6.17108
8 22 6.14792
8 23 6.10777
8 24 6.04988
8 25 5.97318
8 26 5.87618
8 27 5.75697
8 28 5.61313
8 29 5.44163
8 30 5.23872
8 31 4.99979
8 32 4.71916
8 33 4.38992
8 34 4.00363
8 35 3.55016
8 36 3.01779
8 37 2.3943
8 38 1.67304
8 39 0.863471
9 1 0.693895
9 2 1.36226
9 3 1.98495
9 4 2.55001
9 5 3.05332
9 6 3.49626
9 7 3.88311
9 8 4.21921
9 9 4.51
9 10 4.76058
9 11 4.97547
9 12 5.15862
9 13 5.31339
9 14 5.44259
9 15 5.54853
9 16 5.63309
9 17 5.69775
9 18 5.74361
9 19 5.77148
9 20 5.78182
9 21 5.77481
9 22 5.75036
9 23 5.70806
9 24 5.64719
9 25 5.56674
9 26 5.46531
9 27 5.34111
9 28 5.19191
9 29 5.01498
9 30 4.80698
9 31 4.56395
9 32 4.28115
9 33 3.95309
9 34 3.57352
9 35 3.13566
9 36 2.633
9 37 2.06125
9 38 1.42201
9 39 0.727023
10 1 0.603443
10 2 1.18955
10 3 1.74377
10 4 2.25611
10 5 2.72135
10 6 3.13826
10 7 3.50823
10 8 3.83412
10 9 4.11943
10 10 4.36776
10 11 4.58256
10 12 4.76695
10 13 4.92372
10 14 5.05524
10 15 5.16353
10 16 5.25024
10 17 5.31671
10 18 5.36393
10 19 5.39262
10 20 5.40323
10 21 5.39591
10 22 5.37056
10 23 5.3268
10 24 5.26399
10 25 5.18116
10 26 5.07706
10 27 4.95008
10 28 4.79824
10 29 4.61917
10 30 4.41004
10 31 4.1676
10 32 3.88813
10 33 3.56757
10 34 3.20167
10 35 2.78644
10 36 2.31907
10 37 1.79932
10 38 1.23151
10 39 0.626152
11 1 0.531411
11 2 1.05043
11 3 1.54623
11 4 2.01066
11 5 2.43858
11 6 2.82764
11 7 3.1776
11 8 3.48965
11 9 3.76578
11 10 4.00838
11 11 4.21992
11 12 4.40279
11 13 4.55916
11 14 4.691
11 15 4.8
11 16 4.88755
11 17 4.95482
11 18 5.00269
11 19 5.03178
11 20 5.04249
11 21 5.03495
11 22 5.00908
11 23 4.96452
11 24 4.90069
11 25 4.81675
11 26 4.71158
11 27 4.58378
11 28 4.43167
11 29 4.25326
11 30 4.04627
11 31 3.80815
11 32 3.53614
11 33 3.22744
11 34 2.87944
11 35 2.49018
11 36 2.05904
11 37 1.58768
11 38 1.08099
11 39 0.547684
12 1 0.472364
12 2 0.935509
12 3 1.38116
12 4 1.80267
12 5 2.19539
12 6 2.55659
12 7 2.88515
12 8 3.1812
12 9 3.44569
12 10 3.68004
12 11 3.88591
12 12 4.06503
12 13 4.21906
12 14 4.34954
12 15 4.45782
12 16 4.54508
12 17 4.61227
12 18 4.66015
12 19 4.68926
12 20 4.69992
12 21 4.69227
12 22 4.66621
12 23 4.62143
12 24 4.55744
12 25 4.47349
12 26 4.36864
12 27 4.24171
12 28 4.09131
12 29 3.91586
12 30 3.71357
12 31 3.48255
12 32 3.22089
12 33 2.9268
12 34 2.5989
12 35 2.23654
12 36 1.84036
12 37 1.41275
12 38 0.958402
12 39 0.484417
13 1 0.422882
13 2 0.838685
13 3 1.24092
13 4 1.62416
13 5 1.98429
13 6 2.31857
13 7 2.62547
13 8 2.90447
13 9 3.1558
13 10 3.38018
13 11 3.57864
13 12 3.75233
13 13 3.90247
13 14 4.03021
13 15 4.13661
13 16 4.2226
13 17 4.28897
13 18 4.33632
13 19 4.36512
13 20 4.37562
13 21 4.36794
13 22 4.34198
13 23 4.29751
13 24 4.23407
13 25 4.15106
13 26 4.0477
13 27 3.92304
13 28 3.77596
13 29 3.60525
13 30 3.40958
13 31 3.18765
13 32 2.93819
13 33 2.66022
13 34 2.35321
13 35 2.01734
13 36 1.65388
13 37 1.26544
13 38 0.856223
13 39 0.432041
14 1 0.380694
14 2 0.755808
14 3 1.12015
14 4 1.46923
14 5 1.79948
14 6 2.10827
14 7 2.39394
14 8 2.65559
14 9 2.89297
14 10 3.10631
14 11 3.29614
14 12 3.46318
14 13 3.60826
14 14 3.73219
14 15 3.83577
14 16 3.91971
14 17 3.98463
14 18 4.03101
14 19 4.05921
14 20 4.06946
14 21 4.06182
14 22 4.03624
14 23 3.99249
14 24 3.93022
14 25 3.84895
14 26 3.74803
14 27 3.62674
14 28 3.48422
14 29 3.31959
14 30 3.13191
14 31 2.92034
14 32 2.68415
14 33 2.42294
14 34 2.13673
14 35 1.82622
14 36 1.49293
14 37 1.13946
14 38 0.76949
14 39 0.387795
15 1 0.344225
15 2 0.683955
15 3 1.01496
15 4 1.33349
15 5 1.63643
15 6 1.92138
15 7 2.18664
15 8 2.43113
15 9 2.6543
15 10 2.85602
15 11 3.03646
15 12 3.19602
15 13 3.33518
15 14 3.4545
15 15 3.55454
15 16 3.63582
15 17 3.6988
15 18 3.74384
15 19 3.77124
15 20 3.78114
15 21 3.77362
15 22 3.74862
15 23 3.70596
15 24 3.64536
15 25 3.56644
15 26 3.46872
15 27 3.35165
15 28 3.21461
15 29 3.05699
15 30 2.87819
15 31 2.67773
15 32 2.4553
15 33 2.21087
15 34 1.94486
15 35 1.65821
15 36 1.35258
15 37 1.03036
15 38 0.694789
15 39 0.349822
16 1 0.312346
16 2 0.621003
16 3 0.922466
16 4 1.21357
16 5 1.49162
16 6 1.75441
16 7 2.0003
16 8 2.22813
16 9 2.43717
16 10 2.62707
16 11 2.79773
16 12 2.94927
16 13 3.08195
16 14 3.1961
16 15 3.29207
16 16 3.37022
16 17 3.43088
16 18 3.47431
16 19 3.50072
16 20 3.51023
16 21 3.50288
16 22 3.47863
16 23 3.43734
16 24 3.3788
16 25 3.30272
16 26 3.20876
16 27 3.09652
16 28 2.9656
16 29 2.81561
16 30 2.64621
16 31 2.4572
16 32 2.24857
16 33 2.02058
16 34 1.77385
16 35 1.50948
16 36 1.22908
16 37 0.934885
16 38 0.629686
16 39 0.316815
17 1 0.284221
17 2 0.565366
17 3 0.840493
17 4 1.1069
17 5 1.36224
17 6 1.60452
17 7 1.83218
17 8 2.04405
17 9 2.23931
17 10 2.41743
17 11 2.57816
17 12 2.72143
17 13 2.84728
17 14 2.95587
17 15 3.04741
17 16 3.1221
17 17 3.18017
17 18 3.22178
17 19 3.24708
17 20 3.25616
17 21 3.24903
17 22 3.22566
17 23 3.18595
17 24 3.12976
17 25 3.05688
17 26 2.96708
17 27 2.8601
17 28 2.7357
17 29 2.59368
17 30 2.43391
17 31 2.2564
17 32 2.06135
17 33 1.84918
17 34 1.62068
17 35 1.37696
17 36 1.1196
17 37 0.850594
17 38 0.572396
17 39 0.287829
18 1 0.259218
18 2 0.515837
18 3 0.767355
18 4 1.01145
18 5 1.24605
18 6 1.46939
18 7 1.67998
18 8 1.87669
18 9 2.05866
18 10 2.22526
18 11 2.37613
18 12 2.51103
18 13 2.62989
18 14 2.73272
18 15 2.8196
18 16 2.89062
18 17 2.94591
18 18 2.98556
18 19 3.00967
18 20 3.01828
18 21 3.0114
18 22 2.98902
18 23 2.95106
18 24 2.89742
18 25 2.82798
18 26 2.74259
18 27 2.64112
18 28 2.52346
18 29 2.38955
18 30 2.23942
18 31 2.07324
18 32 1.89133
18 33 1.69427
18 34 1.48287
18 35 1.25825
18 36 1.02191
18 37 0.775634
18 38 0.521577
18 39 0.262157
19 1 0.236848
19 2 0.471475
19 3 0.701729
19 4 0.925597
19 5 1.14125
19 6 1.3471
19 7 1.54178
19 8 1.72418
19 9 1.89344
19 10 2.04891
19 11 2.1901
19 12 2.31672
19 13 2.42857
19 14 2.52556
19 15 2.60766
19 16 2.67489
19 17 2.72729
19 18 2.7649
19 19 2.78776
19 20 2.79589
19 21 2.78929
19 22 2.76796
19 23 2.73184
19 24 2.68089
19 25 2.61503
19 26 2.5342
19 27 2.43836
19 28 2.3275
19 29 2.20168
19 30 2.06105
19 31 1.90587
19 32 1.73659
19 33 1.55381
19 34 1.35838
19 35 1.15141
19 36 0.934256
19 37 0.708557
19 38 0.476195
19 39 0.239261
20 1 0.216727
20 2 0.431534
20 3 0.642558
20 4 0.848036
20 5 1.04635
20 6 1.23607
20 7 1.41593
20 8 1.5849
20 9 1.7421
20 10 1.88688
20 11 2.01871
20 12 2.13721
20 13 2.24214
20 14 2.3333
20 15 2.41061
20 16 2.47401
20 17 2.52347
20 18 2.55899
20 19 2.58058
20 20 2.58822
20 21 2.58193
20 22 2.56169
20 23 2.52748
20 24 2.47927
20 25 2.41706
20 26 2.34084
20 27 2.25065
20 28 2.14655
20 29 2.02868
20 30 1.89729
20 31 1.7527
20 32 1.59541
20 33 1.42608
20 34 1.24554
20 35 1.05484
20 36 0.855241
20 37 0.648221
20 38 0.435439
20 39 0.218719
21 1 0.198544
21 2 0.395416
21 3 0.588986
21 4 0.777702
21 5 0.960128
21 6 1.13496
21 7 1.30106
21 8 1.45743
21 9 1.60326
21 10 1.73785
21 11 1.86069
21 12 1.97134
21 13 2.0695
21 14 2.15494
21 15 2.2275
21 16 2.28708
21 17 2.3336
21 18 2.36703
21 19 2.38734
21 20 2.39451
21 21 2.38854
21 22 2.3694
21 23 2.33712
21 24 2.29168
21 25 2.23313
21 26 2.1615
21 27 2.07688
21 28 1.9794
21 29 1.86927
21 30 1.74677
21 31 1.61229
21 32 1.46636
21 33 1.30963
21 34 1.14293
21 35 0.967238
21 36 0.783721
21 37 0.593703
21 38 0.398663
21 39 0.200199
22 1 0.18205
22 2 0.362631
22 3 0.540309
22 4 0.71371
22 5 0.881551
22 6 1.04266
22 7 1.19597
22 8 1.34058
22 9 1.47569
22 10 1.60065
22 11 1.71489
22 12 1.81799
22 13 1.90961
22 14 1.98948
22 15 2.0574
22 16 2.11323
22 17 2.15686
22 18 2.18822
22 19 2.20726
22 20 2.21397
22 21 2.20831
22 22 2.19029
22 23 2.15992
22 24 2.11724
22 25 2.0623
22 26 1.99517
22 27 1.916
22 28 1.82495
22 29 1.72226
22 30 1.60828
22 31 1.4834
22 32 1.34817
22 33 1.20323
22 34 1.04937
22 35 0.887528
22 36 0.718756
22 37 0.544255
22 38 0.365342
22 39 0.18343
23 1 0.167035
23 2 0.332774
23 3 0.495943
23 4 0.655321
23 5 0.809758
23 6 0.958188
23 7 1.09965
23 8 1.23328
23 9 1.35834
23 10 1.47419
23 11 1.58028
23 12 1.67618
23 13 1.76151
23 14 1.836
23 15 1.89942
23 16 1.95159
23 17 1.9924
23 18 2.02174
23 19 2.03955
23 20 2.0458
23 21 2.04046
23 22 2.02354
23 23 1.99507
23 24 1.95508
23 25 1.90367
23 26 1.84093
23 27 1.76702
23 28 1.68216
23 29 1.58661
23 30 1.48072
23 31 1.36492
23 32 1.23973
23 33 1.1058
23 34 0.963865
23 35 0.814795
23 36 0.659563
23 37 0.499254
23 38 0.335045
23 39 0.168191
24 1 0.153329
24 2 0.305505
24 3 0.455396
24 4 0.60191
24 5 0.74401
24 6 0.880733
24 7 1.0112
24 8 1.1346
24 9 1.25025
24 10 1.35753
24 11 1.45591
24 12 1.54495
24 13 1.62429
24 14 1.69362
24 15 1.75271
24 16 1.80136
24 17 1.83943
24 18 1.86681
24 19 1.88343
24 20 1.88924
24 21 1.88422
24 22 1.86838
24 23 1.84175
24 24 1.80438
24 25 1.75639
24 26 1.69788
24 27 1.62904
24 28 1.5501
24 29 1.46134
24 30 1.36311
24 31 1.25586
24 32 1.14009
24 33 1.01641
24 34 0.885538
24 35 0.748264
24 36 0.605485
24 37 0.458182
24 38 0.307414
24 39 0.154299
25 1 0.140783
25 2 0.280537
25 3 0.41825
25 4 0.55294
25 5 0.683674
25 6 0.809575
25 7 0.929835
25 8 1.04372
25 9 1.15057
25 10 1.2498
25 11 1.34091
25 12 1.42347
25 13 1.49711
25 14 1.56152
25 15 1.61646
25 16 1.66173
25 17 1.69717
25 18 1.72266
25 19 1.73813
25 20 1.74353
25 21 1.73882
25 22 1.72402
25 23 1.69918
25 24 1.66435
25 25 1.61964
25 26 1.5652
25 27 1.5012
25 28 1.4279
25 29 1.34557
25 30 1.25458
25 31 1.15535
25 32 1.04839
25 33 0.934268
25 34 0.813649
25 35 0.687273
25 36 0.55596
25 37 0.4206
25 38 0.282147
25 39 0.141601
26 1 0.129274
26 2 0.257625
26 3 0.384145
26 4 0.507951
26 5 0.628198
26 6 0.74409
26 7 0.854886
26 8 0.959907
26 9 1.05854
26 10 1.15023
26 11 1.23451
26 12 1.31094
26 13 1.37918
26 14 1.43892
26 15 1.48992
26 16 1.53195
26 17 1.56488
26 18 1.58857
26 19 1.60294
26 20 1.60794
26 21 1.60354
26 22 1.58975
26 23 1.56662
26 24 1.53422
26 25 1.49266
26 26 1.44209
26 27 1.3827
26 28 1.31474
26 29 1.2385
26 30 1.15432
26 31 1.06262
26 32 0.963886
26 33 0.858655
26 34 0.747548
26 35 0.631249
26 36 0.510507
26 37 0.386133
26 38 0.258985
26 39 0.129964
27 1 0.118693
27 2 0.236556
27 3 0.352772
27 4 0.466543
27 5 0.577104
27 6 0.683729
27 7 0.785742
27 8 0.882515
27 9 0.973476
27 10 1.05811
27 11 1.13597
27 12 1.20664
27 13 1.26979
27 14 1.3251
27 15 1.37235
27 16 1.41132
27 17 1.44185
27 18 1.46383
27 19 1.47715
27 20 1.48177
27 21 1.47766
27 22 1.46484
27 23 1.44335
27 24 1.41327
27 25 1.37471
27 26 1.32783
27 27 1.27281
27 28 1.2099
27 29 1.13939
27 30 1.06161
27 31 0.976964
27 32 0.885906
27 33 0.78895
27 34 0.686668
27 35 0.579692
27 36 0.468709
27 37 0.354455
27 38 0.237707
27 39 0.119277
28 1 0.108947
28 2 0.217145
28 3 0.323857
28 4 0.428362
28 5 0.529965
28 6 0.628006
28 7 0.721864
28 8 0.810961
28 9 0.894769
28 10 0.972806
28 11 1.04464
28 12 1.1099
28 13 1.16824
28 14 1.21938
28 15 1.26309
28 16 1.29915
28 17 1.32742
28 18 1.34776
28 19 1.36009
28 20 1.36435
28 21 1.36053
28 22 1.34863
28 23 1.32871
28 24 1.30083
28 25 1.26512
28 26 1.22173
28 27 1.17084
28 28 1.11269
28 29 1.04757
28 30 0.975796
28 31 0.897747
28 32 0.813854
28 33 0.724596
28 34 0.630506
28 35 0.532165
28 36 0.430201
28 37 0.325285
28 38 0.218121
28 39 0.109441
29 1 0.0999525
29 2 0.199229
29 3 0.297163
29 4 0.393099
29 5 0.486409
29 6 0.576489
29 7 0.66277
29 8 0.744723
29 9 0.821858
29 10 0.893726
29 11 0.959925
29 12 1.0201
29 13 1.07392
29 14 1.12113
29 15 1.16149
29 16 1.19481
29 17 1.22093
29 18 1.23972
29 19 1.25111
29 20 1.25504
29 21 1.25149
29 22 1.24048
29 23 1.22204
29 24 1.19626
29 25 1.16324
29 26 1.12315
29 27 1.07615
29 28 1.02249
29 29 0.962432
29 30 0.896283
29 31 0.824402
29 32 0.747191
29 33 0.665099
29 34 0.578617
29 35 0.48828
29 36 0.394662
29 37 0.298375
29 38 0.200058
29 39 0.100373
30 1 0.0916382
30 2 0.182665
30 3 0.272476
30 4 0.360478
30 5 0.446098
30 6 0.528788
30 7 0.608027
30 8 0.683327
30 9 0.754237
30 10 0.82034
30 11 0.881261
30 12 0.936663
30 13 0.986248
30 14 1.02976
30 15 1.06697
30 16 1.09769
30 17 1.12178
30 18 1.13912
30 19 1.14962
30 20 1.15324
30 21 1.14995
30 22 1.13977
30 23 1.12274
30 24 1.09894
30 25 1.06847
30 26 1.03148
30 27 0.988162
30 28 0.938718
30 29 0.883408
30 30 0.822527
30 31 0.756411
30 32 0.685434
30 33 0.610013
30 34 0.530601
30 35 0.447691
30 36 0.361808
30 37 0.273507
30 38 0.183369
30 39 0.0919952
31 1 0.0839388
31 2 0.167324
31 3 0.249607
31 4 0.330251
31 5 0.408734
31 6 0.484556
31 7 0.557242
31 8 0.626343
31 9 0.691444
31 10 0.752159
31 11 0.80814
31 12 0.859072
31 13 0.904675
31 14 0.944703
31 15 0.978948
31 16 1.00723
31 17 1.02941
31 18 1.04538
31 19 1.05504
31 20 1.05837
31 21 1.05533
31 22 1.04594
31 23 1.03024
31 24 1.0083
31 25 0.980239
31 26 0.946186
31 27 0.906315
31 28 0.860832
31 29 0.809977
31 30 0.754029
31 31 0.693301
31 32 0.628142
31 33 0.558935
31 34 0.486102
31 35 0.410091
31 36 0.331383
31 37 0.250484
31 38 0.167923
31 39 0.0842425
32 1 0.0767962
32 2 0.153091
32 3 0.228386
32 4 0.302196
32 5 0.374044
32 6 0.443477
32 7 0.510058
32 8 0.573379
32 9 0.633056
32 10 0.688734
32 11 0.740091
32 12 0.786832
32 13 0.828698
32 14 0.865458
32 15 0.896915
32 16 0.922902
32 17 0.943283
32 18 0.957952
32 19 0.966833
32 20 0.969881
32 21 0.967076
32 22 0.958432
32 23 0.94399
32 24 0.923819
32 25 0.898022
32 26 0.866729
32 27 0.830103
32 28 0.788339
32 29 0.741663
32 30 0.690333
32 31 0.634643
32 32 0.574915
32 33 0.511504
32 34 0.444795
32 35 0.375201
32 36 0.30316
32 37 0.229134
32 38 0.153601
32 39 0.0770548
33 1 0.0701583
33 2 0.139862
33 3 0.20866
33 4 0.276111
33 5 0.341784
33 6 0.405263
33 7 0.466152
33 8 0.524076
33 9 0.578685
33 10 0.629651
33 11 0.676676
33 12 0.719489
33 13 0.757848
33 14 0.791537
33 15 0.820373
33 16 0.844199
33 17 0.862887
33 18 0.876338
33 19 0.884479
33 20 0.887268
33 21 0.884688
33 22 0.87675
33 23 0.863494
33 24 0.844986
33 25 0.821323
33 26 0.792627
33 27 0.759052
33 28 0.720779
33 29 0.678021
33 30 0.631018
33 31 0.580041
33 32 0.525388
33 33 0.467385
33 34 0.406387
33 35 0.342769
33 36 0.276933
33 37 0.209297
33 38 0.140296
33 39 0.0703785
34 1 0.0639775
34 2 0.127543
34 3 0.190289
34 4 0.251814
34 5 0.311727
34 6 0.369651
34 7 0.425225
34 8 0.478106
34 9 0.527973
34 10 0.574527
34 11 0.617493
34 12 0.656621
34 13 0.691687
34 14 0.722491
34 15 0.748863
34 16 0.770656
34 17 0.78775
34 18 0.800054
34 19 0.8075
34 20 0.810046
34 21 0.807679
34 22 0.800408
34 23 0.78827
34 24 0.77133
34 25 0.749676
34 26 0.723424
34 27 0.692717
34 28 0.657725
34 29 0.618643
34 30 0.575696
34 31 0.529132
34 32 0.479226
34 33 0.426277
34 34 0.37061
34 35 0.312568
34 36 0.252515
34 37 0.190832
34 38 0.127914
34 39 0.0641652
35 1 0.0582107
35 2 0.116049
35 3 0.173146
35 4 0.229138
35 5 0.283671
35 6 0.336402
35 7 0.387004
35 8 0.435165
35 9 0.480591
35 10 0.523008
35 11 0.562166
35 12 0.597834
35 13 0.629806
35 14 0.657898
35 15 0.681951
35 16 0.70183
35 17 0.717425
35 18 0.728649
35 19 0.73544
35 20 0.737759
35 21 0.735593
35 22 0.728952
35 23 0.71787
35 24 0.702408
35 25 0.682647
35 26 0.658696
35 27 0.630687
35 28 0.598778
35 29 0.563149
35 30 0.524007
35 31 0.48158
35 32 0.43612
35 33 0.387902
35 34 0.33722
35 35 0.284387
35 36 0.229735
35 37 0.173608
35 38 0.116365
35 39 0.0583707
36 1 0.0528183
36 2 0.1053
36 3 0.157113
36 4 0.207928
36 5 0.257425
36 6 0.305294
36 7 0.351237
36 8 0.394971
36 9 0.436231
36 10 0.474765
36 11 0.510346
36 12 0.542761
36 13 0.571822
36 14 0.597361
36 15 0.619231
36 16 0.637308
36 17 0.65149
36 18 0.661696
36 19 0.66787
36 20 0.669976
36 21 0.668001
36 22 0.661955
36 23 0.651871
36 24 0.637802
36 25 0.619826
36 26 0.598043
36 27 0.572575
36 28 0.543567
36 29 0.511185
36 30 0.475617
36 31 0.437074
36 32 0.395786
36 33 0.352002
36 34 0.305991
36 35 0.258036
36 36 0.208437
36 37 0.157507
36 38 0.105569
36 39 0.0529546
37 1 0.0477639
37 2 0.0952252
37 3 0.142084
37 4 0.188043
37 5 0.232815
37 6 0.27612
37 7 0.317689
37 8 0.357266
37 9 0.394608
37 10 0.429491
37 11 0.461705
37 12 0.491058
37 13 0.517377
37 14 0.54051
37 15 0.560322
37 16 0.576699
37 17 0.589548
37 18 0.598794
37 19 0.604386
37 20 0.606292
37 21 0.604498
37 22 0.599016
37 23 0.589873
37 24 0.577121
37 25 0.56083
37 26 0.541092
37 27 0.51802
37 28 0.491745
37 29 0.46242
37 30 0.430217
37 31 0.395328
37 32 0.35796
37 33 0.318341
37 34 0.276714
37 35 0.233336
37 36 0.188477
37 37 0.142419
37 38 0.095454
37 39 0.0478799
38 1 0.0430138
38 2 0.0857562
38 3 0.127958
38 4 0.169352
38 5 0.209681
38 6 0.248692
38 7 0.286144
38 8 0.321805
38 9 0.355459
38 10 0.386899
38 11 0.415938
38 12 0.442402
38 13 0.466135
38 14 0.486996
38 15 0.504863
38 16 0.519635
38 17 0.531224
38 18 0.539564
38 19 0.544606
38 20 0.546323
38 21 0.544702
38 22 0.539752
38 23 0.531501
38 24 0.519994
38 25 0.505296
38 26 0.487492
38 27 0.466682
38 28 0.442988
38 29 0.416548
38 30 0.387518
38 31 0.356071
38 32 0.322396
38 33 0.286699
38 34 0.249197
38 35 0.210123
38 36 0.169721
38 37 0.128243
38 38 0.0859508
38 39 0.0431125
39 1 0.0385369
39 2 0.0768313
39 3 0.114642
39 4 0.151733
39 5 0.187871
39 6 0.222832
39 7 0.256398
39 8 0.288364
39 9 0.318532
39 10 0.346721
39 11 0.37276
39 12 0.396492
39 13 0.417777
39 14 0.436488
39 15 0.452516
39 16 0.465767
39 17 0.476164
39 18 0.483645
39 19 0.488169
39 20 0.489706
39 21 0.48825
39 22 0.483806
39 23 0.4764
39 24 0.466073
39 25 0.452884
39 26 0.43691
39 27 0.418242
39 28 0.396989
39 29 0.373277
39 30 0.347246
39 31 0.319052
39 32 0.288865
39 33 0.256869
39 34 0.22326
39 35 0.188247
39 36 0.152046
39 37 0.114885
39 38 0.0769964
39 39 0.0386206
40 1 0.0343038
40 2 0.0683924
40 3 0.102052
40 4 0.135072
40 5 0.167245
40 6 0.198373
40 7 0.228262
40 8 0.256728
40 9 0.283596
40 10 0.308704
40 11 0.331899
40 12 0.353041
40 13 0.372005
40 14 0.388678
40 15 0.40296
40 16 0.414768
40 17 0.424033
40 18 0.4307
40 19 0.43473
40 20 0.436099
40 21 0.434799
40 22 0.430836
40 23 0.424233
40 24 0.415027
40 25 0.403272
40 26 0.389035
40 27 0.372399
40 28 0.353462
40 29 0.332337
40 30 0.309148
40 31 0.284036
40 32 0.257152
40 33 0.22866
40 34 0.198735
40 35 0.167563
40 36 0.135336
40 37 0.102257
40 38 0.0685321
40 39 0.0343747
41 1 0.0302873
41 2 0.060385
41 3 0.0901047
41 4 0.119261
41 5 0.147671
41 6 0.17516
41 7 0.201556
41 8 0.226697
41 9 0.25043
41 10 0.27261
41 11 0.293101
41 12 0.311781
41 13 0.328537
41 14 0.343269
41 15 0.35589
41 16 0.366325
41 17 0.374513
41 18 0.380404
41 19 0.383965
41 20 0.385174
41 21 0.384023
41 22 0.380519
41 23 0.374681
41 24 0.366543
41 25 0.356153
41 26 0.34357
41 27 0.328868
41 28 0.312135
41 29 0.29347
41 30 0.272984
41 31 0.250801
41 32 0.227055
41 33 0.201891
41 34 0.175465
41 35 0.147938
41 36 0.119483
41 37 0.0902771
41 38 0.0605027
41 39 0.030347
42 1 0.0264616
42 2 0.0527578
42 3 0.0787244
42 4 0.104199
42 5 0.129024
42 6 0.153044
42 7 0.176111
42 8 0.198083
42 9 0.218826
42 10 0.238212
42 11 0.256124
42 12 0.272453
42 13 0.287102
42 14 0.299982
42 15 0.311017
42 16 0.320141
42 17 0.327299
42 18 0.33245
42 19 0.335563
42 20 0.336619
42 21 0.335612
42 22 0.332546
42 23 0.32744
42 24 0.320323
42 25 0.311237
42 26 0.300234
42 27 0.287379
42 28 0.27275
42 29 0.256432
42 30 0.238525
42 31 0.219136
42 32 0.198382
42 33 0.176392
42 34 0.153299
42 35 0.129247
42 36 0.104386
42 37 0.0788686
42 38 0.0528562
42 39 0.0265115
43 1 0.0228022
43 2 0.0454622
43 3 0.0678385
43 4 0.0897917
43 5 0.111185
43 6 0.131887
43 7 0.151767
43 8 0.170706
43 9 0.188585
43 10 0.205296
43 11 0.220737
43 12 0.234815
43 13 0.247444
43 14 0.258549
43 15 0.268064
43 16 0.275931
43 17 0.282104
43 18 0.286545
43 19 0.289229
43 20 0.290139
43 21 0.289269
43 22 0.286625
43 23 0.28222
43 24 0.276082
43 25 0.268246
43 26 0.258758
43 27 0.247674
43 28 0.235061
43 29 0.220993
43 30 0.205555
43 31 0.188842
43 32 0.170953
43 33 0.152
43 34 0.132098
43 35 0.111371
43 36 0.0899461
43 37 0.067958
43 38 0.0455437
43 39 0.0228436
44 1 0.019286
44 2 0.0384519
44 3 0.0573781
44 4 0.0759468
44 5 0.0940428
44 6 0.111554
44 7 0.128372
44 8 0.144392
44 9 0.159518
44 10 0.173656
44 11 0.186721
44 12 0.198632
44 13 0.209319
44 14 0.218716
44 15 0.226767
44 16 0.233424
44 17 0.238648
44 18 0.242406
44 19 0.244677
44 20 0.245446
44 21 0.24471
44 22 0.242471
44 23 0.238743
44 24 0.233548
44 25 0.226916
44 26 0.218886
44 27 0.209507
44 28 0.198833
44 29 0.18693
44 30 0.173869
44 31 0.159728
44 32 0.144595
44 33 0.128562
44 34 0.111727
44 35 0.0941942
44 36 0.076073
44 37 0.0574757
44 38 0.0385185
44 39 0.0193198
45 1 0.0158907
45 2 0.0316825
45 3 0.0472771
45 4 0.0625774
45 5 0.0774885
45 6 0.0919179
45 7 0.105777
45 8 0.118979
45 9 0.131444
45 10 0.143096
45 11 0.153864
45 12 0.163681
45 13 0.172489
45 14 0.180235
45 15 0.186871
45 16 0.192359
45 17 0.196664
45 18 0.199762
45 19 0.201634
45 20 0.202268
45 21 0.20166
45 22 0.199814
45 23 0.196741
45 24 0.192458
45 25 0.18699
45 26 0.180371
45 27 0.17264
45 28 0.163842
45 29 0.154031
45 30 0.143266
45 31 0.131612
45 32 0.119141
45 33 0.105929
45 34 0.0920561
45 35 0.0776095
45 36 0.0626782
45 37 0.0473551
45 38 0.0317358
45 39 0.0159178
46 1 0.0125949
46 2 0.0251115
46 3 0.0374719
46 4 0.0495993
46 5 0.0614183
46 6 0.0728559
46 7 0.0838413
46 8 0.0943069
46 9 0.104188
46 10 0.113425
46 11 0.121961
46 12 0.129744
46 13 0.136727
46 14 0.142868
46 15 0.14813
46 16 0.152481
46 17 0.155894
46 18 0.158351
46 19 0.159834
46 20 0.160337
46 21 0.159855
46 22 0.158391
46 23 0.155953
46 24 0.152557
46 25 0.148222
46 26 0.142974
46 27 0.136844
46 28 0.129869
46 29 0.122091
46 30 0.113556
46 31 0.104318
46 32 0.094432
46 33 0.0839587
46 34 0.0729627
46 35 0.0615119
46 36 0.0496772
46 37 0.0375323
46 38 0.0251527
46 39 0.0126159
47 1 0.00937797
47 2 0.0186976
47 3 0.0279011
47 4 0.0369311
47 5 0.0457316
47 6 0.0542483
47 7 0.0624284
47 8 0.0702216
47 9 0.0775801
47 10 0.0844586
47 11 0.0908154
47 12 0.0966116
47 13 0.101812
47 14 0.106386
47 15 0.110304
47 16 0.113544
47 17 0.116087
47 18 0.117916
47 19 0.119021
47 20 0.119395
47 21 0.119036
47 22 0.117945
47 23 0.11613
47 24 0.1136
47 25 0.110371
47 26 0.106463
47 27 0.101897
47 28 0.0967024
47 29 0.0909098
47 30 0.0845543
47 31 0.0776747
47 32 0.070313
47 33 0.0625141
47 34 0.0543263
47 35 0.0458
47 36 0.036988
47 37 0.0279451
47 38 0.0187277
47 39 0.00939324
48 1 0.00621963
48 2 0.0124006
48 3 0.0185045
48 4 0.0244935
48 5 0.0303303
48 6 0.0359789
48 7 0.0414044
48 8 0.0465733
48 9 0.0514539
48 10 0.0560164
48 11 0.0602327
48 12 0.0640774
48 13 0.0675269
48 14 0.0705605
48 15 0.0731599
48 16 0.0753092
48 17 0.0769956
48 18 0.078209
48 19 0.0789419
48 20 0.07919
48 21 0.0789516
48 22 0.0782282
48 23 0.0770238
48 24 0.0753457
48 25 0.0732038
48 26 0.0706109
48 27 0.0675825
48 28 0.0641367
48 29 0.0602944
48 30 0.0560789
48 31 0.0515158
48 32 0.046633
48 33 0.0414604
48 34 0.0360299
48 35 0.030375
48 36 0.0245307
48 37 0.0185334
48 38 0.0124203
48 39 0.00622962
49 1 0.00310015
49 2 0.00618104
49 3 0.00922352
49 4 0.0122087
49 5 0.0151181
49 6 0.0179337
49 7 0.0206381
49 8 0.0232146
49 9 0.0256474
49 10 0.0279217
49 11 0.0300234
49 12 0.0319399
49 13 0.0336595
49 14 0.0351717
49 15 0.0364674
49 16 0.0375389
49 17 0.0383796
49 18 0.0389844
49 19 0.0393498
49 20 0.0394734
49 21 0.0393546
49 22 0.0389939
49 23 0.0383935
49 24 0.0375569
49 25 0.0364892
49 26 0.0351966
49 27 0.0336869
49 28 0.0319693
49 29 0.0300539
49 30 0.0279526
49 31 0.025678
49 32 0.0232441
49 33 0.0206658
49 34 0.0179589
49 35 0.0151402
49 36 0.0122271
49 37 0.00923776
49 38 0.00619076
49 39 0.00310508
